42.022983, -87.677188 -> 42.022998, -87.665299
42.019175, -87.822023 -> 42.019045, -87.806775 | 42.019175, -87.709676 -> 42.019340, -87.663758
42.011884, -87.821453 -> 42.011607, -87.806632 | 42.012047, -87.788900 -> 42.011904, -87.753171 | 42.011884, -87.709281 -> 42.012797, -87.654220
41.995919, -87.862616 -> 41.995919, -87.650104
41.978215, -87.862616 -> 41.978215, -87.645047
41.968239, -87.862616 -> 41.968239, -87.631540
41.960783, -87.862616 -> 41.960783, -87.638381
41.937963, -87.817013 -> 41.940100, -87.633072
41.934401, -87.807049 -> 41.935825, -87.631157
41.916636, -87.807049 -> 41.916636, -87.624620
41.908986, -87.779817 -> 41.910649, -87.623495
41.901516, -87.779817 -> 41.910649, -87.616023
41.896438, -87.779817 -> 41.896438, -87.612596
41.884105, -87.779817 -> 41.884105, -87.616289
41.862979, -87.740217 -> 41.868459, -87.606896
41.829952, -87.740217 -> 41.829952, -87.596785
41.822124, -87.745569 -> 41.821170, -87.594017
41.816174, -87.753350 -> 41.816174, -87.586277
41.805665, -87.753350 -> 41.805665, -87.580648
41.800089, -87.802642 -> 41.800089, -87.579503
41.782341, -87.802642 -> 41.782341, -87.570341
41.774972, -87.742620 -> 41.774972, -87.561509
41.764489, -87.742620 -> 41.764489, -87.542223
41.753275, -87.742620 -> 41.753275, -87.528388
41.736145, -87.683358 -> 41.736145, -87.528388
41.713598, -87.691903 -> 41.714118, -87.524405 | 41.713231, -87.721134 -> 41.713339, -87.711155
41.706033, -87.721175 -> 41.708085, -87.523992
41.670149, -87.642045 -> 41.668640, -87.524384
41.663180, -87.646881 -> 41.660087, -87.524386
41.656116, -87.617388 -> 41.649384, -87.524380
41.644443, -87.617461 -> 41.644956, -87.524263 END
