42.022983, -87.677188 -> 42.022998, -87.665299
42.018654, -87.822023 -> 42.019045, -87.806775 | 42.019175, -87.709676 -> 42.019340, -87.663758
42.011384, -87.821453 -> 42.011607, -87.806632 | 42.012047, -87.788900 -> 42.011904, -87.753171 | 42.011884, -87.709281 -> 42.012797, -87.661300
41.995919, -87.862616 -> 41.995919, -87.650104
41.937963, -87.817013 -> 41.940100, -87.633072
41.934401, -87.807049 -> 41.935825, -87.631157
41.908986, -87.805772 -> 41.910649, -87.623495
41.865734, -87.774488 -> 41.868349, -87.606896
41.822124, -87.745569 -> 41.821170, -87.594017
41.816174, -87.753350 -> 41.812806, -87.586277
41.800089, -87.802642 -> 41.802772, -87.579503
41.774972, -87.742620 -> 41.776867, -87.567898
41.735089, -87.683358 -> 41.737379, -87.528388
41.713598, -87.691903 -> 41.714118, -87.524405 | 41.713231, -87.721134 -> 41.713339, -87.711155
41.706033, -87.721175 -> 41.708085, -87.523992
41.670149, -87.642045 -> 41.668640, -87.524384
41.663180, -87.646881 -> 41.660087, -87.524386
41.656116, -87.617388 -> 41.649384, -87.524380
41.644443, -87.617461 -> 41.644956, -87.524263 END
